90.28209
94.88353
109.67018
106.14919
92.46456
85.71131
92.06696
121.41652
117.35530
115.86292
110.80017
101.09558
108.03960
80.54914
89.31624
100.03284
77.84408
89.40439
91.68155
96.45814
92.76551
97.85522
108.27887
106.63477
123.71288
90.58433
94.47972
98.79018
96.97903
90.60125
115.23889
85.45575
98.32918
98.03633
118.89568
98.73617
102.75178
110.43395
109.66710
111.15874
100.27604
115.85366
110.22168
102.31486
107.99627
117.89351
100.45953
102.89180
100.15265
105.20539
102.18354
94.76030
105.39924
112.12315
104.54349
97.40243
115.91803
95.29496
103.59997
116.79084
102.18895
99.13642
89.32375
106.46328
105.07162
104.33852
100.53996
93.73621
93.77488
97.89709
93.21566
119.04300
95.75490
100.90218
94.90660
85.15745
105.21995
90.15202
106.99524
109.52217
102.33018
97.96652
86.22248
85.14243
115.39363
88.24308
107.27667
82.33165
101.54352
109.94498
93.85600
112.78725
99.65869
110.55626
114.67423
93.09782
98.32767
92.74245
90.26919
109.85859
101.41067
105.94487
104.09686
109.45643
102.93000
85.86045
72.25734
94.19205
111.42337
107.58096
92.56004
90.80470
128.52852
87.34249
110.67909
93.02156
97.84829
80.81822
106.36003
94.42531
98.83478
93.31789
96.88547
112.44609
103.30629
88.33598
84.29701
118.49546
96.10089
94.00425
118.52628
104.29082
103.47376
78.97433
104.26809
116.83595
103.23898
117.26649
116.43255
100.73796
104.19957
115.87426
96.73046
89.13411
91.09886
98.77654
107.09367
84.11666
80.95317
79.45702
98.83737
94.93239
99.07552
98.24379
105.58715
104.80182
88.75773
98.47923
114.18408
112.26611
91.84151
95.39778
101.91738
92.01129
96.93456
89.21340
103.83125
99.04457
94.54629
91.23558
107.43275
123.73269
111.04980
111.65224
102.01579
112.60000
95.63900
95.12160
97.62807
113.25929
107.12415
107.75089
96.92676
100.55159
110.56724
100.73872
94.05562
109.09738
107.42380
93.12828
94.55088
99.78049
100.06925
108.06944
101.81654
91.77395
132.69262
93.92437
86.60336
102.71293
98.53707
89.98539
99.62695
98.89092
85.03172
94.95364
92.89708
96.72602
97.45093
102.79279
84.84682
91.78742
88.63387
98.02429
94.75111
94.63434
94.65039
98.23609
112.12383
128.49892
88.75240
84.93441
94.95810
97.02063
96.08253
97.98925
101.66540
105.83927
88.92839
102.18879
93.64067
98.82115
96.12321
96.44169
94.76451
109.88183
81.20060
82.20436
85.33867
107.55141
89.39493
89.14680
100.61269
108.17593
106.87892
84.40495
91.44497
91.35506
101.61128
84.43486
112.31437
105.02420
85.59836
82.54648
87.21591
100.78865
105.30862
93.78480
103.29591
99.89007
102.42661
117.39887
97.13714
111.96619
123.26975
89.96776
122.70672
104.22225
110.99554
100.43363
80.17095
99.21995
106.23472
93.00700
101.96605
99.11421
108.98973
93.48979
83.46429
104.08596
89.61498
101.82248
99.42647
102.05089
108.02782
99.73702
92.97470
91.03628
90.79190
82.55634
88.86060
106.27808
99.12407
113.09574
85.23799
98.76727
110.31217
111.05225
103.85030
88.82148
83.55591
92.46312
104.35379
97.55913
104.64612
87.29386
96.22592
96.63668
87.82317
106.61340
107.58531
87.03617
104.67749
94.93185
110.16845
90.24842
102.10325
108.97137
109.03210
102.13546
100.92129
98.74902
91.79522
105.35022
109.48798
104.78497
93.46819
86.53145
107.40595
96.60136
100.09763
101.38139
104.00613
95.24202
92.91274
91.76082
85.68383
81.20379
88.34847
117.64613
104.35002
106.31235
94.85283
89.90709
105.97022
103.36560
84.83951
103.74369
97.39086
110.62429
106.88687
110.50692
109.37561
101.59489
88.03878
91.01766
105.54662
96.76403
109.92635
99.01606
105.83375
110.31201
100.59179
97.48624
100.97757
100.04839
93.35320
100.05443
99.51920
117.33034
88.01942
68.49808
91.58410
111.06871
118.92517
101.33611
112.55239
104.07605
124.69961
99.29117
102.86736
93.34607
86.74017
98.26521
103.33341
101.55273
100.68625
104.75047
85.82539
97.93297
91.00956
93.61773
106.08040
83.71072
105.90240
85.37101
102.07087
98.35376
97.55238
94.85512
99.87269
93.94727
114.86988
105.12310
76.36073
92.03903
94.53844
100.52027
83.16758
107.29509
95.17950
91.55647
102.19374
93.16046
105.51403
92.60187
97.06545
112.28727
100.44641
95.64669
113.65484
85.93453
109.18821
107.30787
117.66725
95.75157
104.63726
93.38209
99.33266
105.87409
92.50270
89.84280
112.04579
84.48344
108.91691
96.52032
110.39692
100.19266
111.40302
92.06944
94.73368
92.22815
80.11865
82.94954
101.28743
99.19984
100.40336
105.89931
103.01285
119.40276
104.65612
96.27991
111.19000
109.02454
106.57429
99.80010
74.95897
98.48726
116.20131
101.30917
83.97280
94.39375
114.56591
102.38073
100.19378
106.87288
114.32232
100.94964
106.72957
87.20904
117.33055
94.78023
110.20459
113.48724
89.26280
101.34132
100.72591
94.19587
101.24647
90.33305
94.53793
98.89926
99.24496
108.22821
92.98471
76.32751
100.46733
98.81994
113.62348
110.12542
95.76342
105.03793
103.47808
111.60671
94.96195
94.97342
101.69644
78.90091
102.24273
106.35541
92.42218
98.42039
91.83578
107.46576
85.03235
110.42998
115.51311
116.55040
115.23712
103.92630
105.50771
127.14225
87.18349
90.65164
85.20009
108.49231
102.25838
108.57273
101.06029
96.94724
95.20485
96.49415
101.09482
102.53464
101.11406
96.66336
75.91442
110.69884
105.55664
94.55677
79.33820
94.54685
112.91361
90.72688
93.58601
90.34301
93.08834
80.08521
97.86076
114.35732
107.73409
114.06752
91.29891
103.65800
100.91028
107.57076
104.37642
102.70791
107.26403
95.19046
101.92887
107.20555
84.86576
96.03887
86.36861
98.20404
100.18396
97.02423
118.18816
104.11019
103.99186
111.28911
99.96064
110.53055
89.13785
108.71028
72.36220
96.65808
95.29597
113.59160
93.94420
94.31066
89.68181
95.75830
89.93045
98.05626
96.54305
85.78811
121.10060
107.62628
92.06954
98.01981
92.76831
101.85953
99.81009
109.41630
97.39266
86.35648
102.70881
85.73472
84.12882
101.53110
102.52145
92.83248
111.33366
89.34704
82.86263
98.49840
110.90603
94.90166
86.82136
98.65845
84.53572
107.53553
108.40078
80.11213
96.29164
113.07682
95.92164
87.85109
118.04735
90.26329
92.09560
100.39296
94.65055
104.37130
86.25012
83.27668
100.20607
85.23003
90.60619
97.31160
103.51871
102.29687
106.78935
89.42007
121.52372
105.35618
95.91639
101.07206
98.93359
73.41464
89.82987
110.31807
99.74178
96.93034
110.18054
103.45101
97.74076
109.63897
107.37026
91.91782
99.43829
90.96255
96.43387
95.51483
89.08369
108.53289
129.83870
103.30299
89.10347
99.02422
96.38864
90.38006
91.12833
98.54487
102.25324
93.21709
92.80592
81.81671
86.79997
103.85255
82.72532
115.60541
100.53090
96.83071
107.05894
98.10162
87.12314
107.67985
96.84820
113.96889
98.11142
102.40090
103.99589
83.83540
99.39880
110.87422
87.60019
89.66849
98.63963
96.62378
103.70181
98.41456
105.66631
110.65271
100.88274
114.78365
81.08605
92.11555
115.06726
102.37254
98.88151
90.64291
93.88906
115.37447
104.50285
99.31599
93.92759
100.54482
102.83504
102.51641
98.26984
91.18318
86.56901
106.03342
95.22284
94.25670
99.30990
108.76574
101.24718
108.07618
100.65421
81.76382
97.70214
111.90782
96.06312
129.66991
103.52733
93.29140
123.06765
107.72042
104.36597
94.55916
101.31172
93.36402
114.92532
102.10620
107.05068
105.75399
111.20786
87.98615
101.11024
92.30826
91.41680
108.42553
110.07082
85.48311
93.18816
95.17817
87.30171
115.83319
101.61128
91.12149
110.63290
82.97813
86.78572
125.70915
92.21225
93.34455
119.71050
85.86226
100.96923
73.60721
93.51609
104.28868
109.89460
94.79099
101.20348
112.98785
104.14042
92.95768
114.31671
104.77357
100.69946
93.84809
116.81945
111.29443
91.37710
88.87337
103.64232
102.93419
100.11194
85.52103
109.68160
89.09236
103.67203
110.29973
93.04824
125.61398
88.76782
82.69291
104.44650
101.59767
103.30342
112.33326
103.52221
105.46699
108.52235
95.12011
108.32809
114.51272
106.52729
73.32743
104.53866
96.26400
105.34661
101.51200
97.72499
94.99482
109.52443
99.22554
80.82449
94.81016
85.56747
104.46114
94.10568
77.71685
93.59731
118.30838
105.94567
108.83738
97.06870
101.29866
93.74217
110.66374
93.96456
103.95170
99.36637
110.37122
99.89669
98.76120
86.01408
91.21626
99.25230
110.14621
99.48599
97.72190
81.51690
105.13116
105.79944
112.91215
102.82874
102.26505
118.08550
94.88424
91.86370
110.90478
95.19277
101.80729
108.36124
99.78213
88.91451
93.29668
106.69259
112.20912
106.80399
95.58035
90.01203
102.87905
83.35906
98.77436
98.92149
101.60196
93.56636
108.47420
104.99181
85.63346
107.65350
105.84137
103.84261
101.99862
102.31137
106.07564
119.62349
80.24748
91.46091
77.31725
100.48273
117.63885
110.73565
107.05952
96.89605
93.38292
95.36360
109.08621
96.54889
96.93215
111.31204
80.71289
89.39414
98.77938
97.16066
90.78554
109.12586
84.56771
94.01861
102.57450
98.60772
99.29718
102.22126
106.51501
94.02303
106.92112
104.25011
106.25305
79.61345
97.36009
112.53082
92.34700
100.79910
101.62028
105.17903
82.82979
109.68733
87.23626
107.45166
100.36896
88.80213
89.94051
94.94511
108.71187
100.30408
111.10590
111.12697
96.22200
97.04853
87.00817
79.08748
124.18515
93.09587
105.38578
85.04720
102.15974
104.85463
104.97437
94.41373
90.93570
99.29233
90.68545
93.12421
83.81581
91.31966
114.20949
96.41620
86.82222
109.60000
110.57603
97.04182
104.12598
84.41548
100.79318
105.12144
97.76734
106.35784
104.81084
98.27860
114.64257
102.51410
100.71191
91.89395
89.12494
102.07126
96.07232
101.88349
100.25930
101.29568
90.99877
109.07945
101.43158
95.80301
116.25340
106.38286
125.37453
99.67469
91.45541
64.49778
86.77570
89.07666
98.11019
101.41259
103.22734
94.75813
103.12535
88.27683
96.70078
95.16338
90.42402
105.31565
101.81439
121.94069
110.50767
88.45285
119.96096
101.87559
100.19000
94.78506
107.71912
89.86514
94.99011
104.92120
108.46614
105.28714
113.43737
105.18985
85.42639
101.41903
102.42320
97.11813
112.58640
